0 576 1 476 
1 0 712 935 319 
2 288 624 3 37 673 297 202 459 722 527 400 146 656 605 
3 288 2 36 181 431 
4 260 5 264 11 217 155 162 163 169 556 49 183 569 445 203 453 75 591 855 89 481 356 102 233 362 748 497 754 886 759 379 255 
5 272 4 230 168 10 48 255 74 94 95 
6 160 291 773 7 8 490 235 109 814 15 341 333 439 283 479 
7 6 
8 160 292 6 38 136 9 523 333 516 208 328 1017 22 535 452 506 159 
9 129 388 8 137 277 278 25 28 158 160 291 293 604 199 777 563 182 649 825 315 61 447 416 1091 68 198 71 200 201 76 463 92 222 228 508 241 124 127 
10 256 260 5 264 11 272 19 89 155 162 163 169 556 49 183 569 203 453 75 591 855 344 217 602 96 481 358 102 233 362 748 754 886 759 762 379 255 
11 1315 4 230 168 10 272 74 95 
12 896 769 518 138 13 287 672 693 950 193 834 197 710 1223 716 718 592 81 979 598 1115 1246 735 866 1129 878 627 
13 12 
14 38 328 77 15 309 118 311 411 341 
15 1334 6 38 328 14 118 535 
16 387 135 393 141 17 404 22 282 414 31 33 519 428 174 50 185 186 671 194 161 72 336 578 85 57 349 351 464 226 995 100 363 368 626 374 122 253 
17 195 201 106 299 300 174 175 16 305 46 729 186 189 637 
18 19 
19 453 10 1136 18 89 1178 316 
20 386 132 136 270 271 144 273 21 280 297 42 303 55 441 204 717 91 95 99 108 497 126 
21 512 98 196 197 43 207 20 214 279 90 303 92 445 126 
22 129 130 388 8 137 16 277 278 23 25 28 1309 158 416 420 293 241 649 199 686 968 311 186 315 61 62 63 704 198 71 200 76 78 463 721 210 84 93 222 98 486 508 618 109 113 115 1210 447 124 253 127 
23 22 
24 388 137 782 277 278 25 153 158 113 311 184 315 61 198 71 76 463 721 210 93 98 241 127 
25 128 133 198 615 136 9 141 114 659 22 24 121 1110 29 63 
26 753 27 956 1093 1046 
27 26 
28 128 1249 133 198 136 9 141 114 22 869 121 29 63 
29 129 388 136 137 782 277 278 25 795 28 158 293 241 199 176 649 315 61 71 200 76 78 463 466 93 222 992 508 109 113 121 124 127 
30 31 
31 225 419 373 73 1261 79 16 184 50 84 30 201 56 865 62 223 
32 33 259 225 73 951 809 338 179 918 521 56 380 188 382 799 
33 32 201 16 84 184 62 
34 35 965 231 328 330 83 953 
35 34 965 231 330 724 535 953 
36 288 624 3 37 673 202 459 812 527 400 146 579 656 605 
37 288 2 36 181 431 
38 327 773 39 8 490 235 14 15 435 814 311 479 
39 328 38 535 
40 512 775 493 1170 534 920 288 421 41 298 50 570 1216 321 1121 588 335 1107 725 609 357 877 623 881 116 681 635 253 
41 1121 356 321 40 297 862 
42 134 139 526 20 533 279 154 289 1188 43 430 307 52 151 190 450 407 581 70 455 201 80 339 212 214 92 229 361 501 
43 386 99 132 497 136 297 42 204 717 270 271 144 273 21 55 280 91 126 95 
44 673 322 45 1011 1141 86 87 665 668 1054 
45 802 1307 644 1062 871 936 265 1194 44 1154 943 1300 1209 378 1083 
46 320 513 194 195 305 456 584 107 743 290 174 47 17 275 405 56 186 251 525 125 
47 194 227 106 397 174 46 189 
48 260 5 155 540 163 169 426 49 183 569 203 453 74 75 591 217 79 481 358 102 500 632 255 
49 272 4 230 168 10 1003 975 48 496 255 74 94 95 
50 387 135 136 393 16 884 282 414 31 161 423 40 519 428 430 51 52 1077 951 184 185 671 189 449 68 455 201 226 464 594 84 85 57 859 349 94 223 97 98 1140 230 363 626 372 374 212 253 
51 809 259 521 870 60 951 338 971 783 50 179 380 382 249 153 188 253 94 799 
52 1346 846 741 42 334 79 50 53 150 1337 153 94 
53 743 328 617 682 175 178 308 52 95 444 191 
54 55 
55 214 512 98 1051 196 197 43 1122 207 20 446 54 279 538 90 303 92 445 126 
56 387 133 135 393 282 414 31 32 161 519 428 46 709 181 184 57 671 574 578 69 336 85 349 351 464 226 228 368 626 374 120 
57 225 73 874 16 184 50 84 373 694 201 56 954 253 62 223 
58 59 
59 100 324 120 68 58 1275 
60 51 
61 133 198 136 9 1324 141 720 114 22 1207 24 29 63 
62 387 135 136 393 141 22 31 33 293 519 428 175 311 185 63 195 201 76 210 85 57 349 351 226 485 363 626 374 122 460 253 1022 
63 388 133 137 277 22 25 153 28 157 158 416 278 293 241 668 199 435 315 61 62 71 200 76 78 79 281 463 93 222 992 109 113 114 124 127 
64 133 1089 1289 522 907 1294 1304 156 415 1313 549 811 688 1201 696 65 964 1222 1225 440 595 1189 480 1123 613 1258 1263 1016 1145 634 891 511 
65 64 
66 396 655 528 67 424 323 582 458 719 1104 337 82 473 603 478 352 355 868 360 745 616 383 
67 66 83 330 
68 128 768 136 9 283 160 547 551 1198 50 94 695 59 544 451 324 594 475 350 224 101 1268 120 253 254 
69 70 188 951 809 179 521 56 380 
70 259 69 380 42 971 79 338 918 951 188 382 799 
71 128 133 198 136 9 517 141 1105 114 22 761 24 121 1176 1192 406 29 63 
72 225 73 206 16 84 157 223 
73 32 181 226 387 135 72 428 626 368 402 995 464 85 374 184 57 282 351 349 31 
74 260 5 136 11 153 155 163 169 48 49 435 436 183 569 453 713 75 96 481 102 233 362 379 
75 272 4 230 168 10 48 1049 255 74 95 
76 133 198 136 9 141 114 22 24 121 1338 29 62 63 
77 412 14 399 240 371 814 444 
78 1219 22 776 332 879 691 310 121 29 63 
79 282 134 139 526 143 533 407 154 413 31 289 430 48 307 52 151 190 63 450 581 70 455 80 339 212 229 361 491 501 121 
80 42 307 94 79 
81 12 
82 66 83 330 171 
83 396 528 67 34 424 323 582 458 719 1104 337 82 473 603 478 352 868 360 745 490 616 383 
84 387 135 393 141 22 282 414 31 33 519 428 50 57 671 578 161 72 336 85 349 351 464 226 363 368 626 374 122 253 
85 225 1320 73 304 16 184 50 84 373 201 56 253 62 223 
86 44 87 
87 44 86 
88 453 102 167 203 183 89 379 540 
89 608 4 230 166 103 168 10 395 272 19 213 343 88 541 95 
90 1280 99 132 197 279 204 237 144 273 114 436 21 55 344 1092 91 126 
91 736 98 197 43 20 214 279 90 92 
92 128 386 132 136 9 270 271 144 273 21 280 1060 297 42 432 1074 55 441 317 204 717 467 91 95 99 108 497 126 
93 182 114 22 24 121 29 63 
94 5 134 307 139 526 144 533 151 152 580 154 155 289 1075 430 49 50 51 52 311 315 190 450 68 581 910 455 591 80 339 212 407 344 485 98 229 230 491 237 381 1266 501 253 
95 256 260 5 11 20 279 153 155 453 162 163 167 43 815 177 435 436 53 183 569 203 49 713 75 591 214 89 92 1247 96 481 358 102 233 362 369 758 379 255 
96 10 74 230 95 
97 50 
98 132 144 273 21 22 279 24 153 303 50 436 182 55 441 1092 197 204 214 344 91 94 99 237 114 638 126 
99 512 98 899 196 197 422 138 43 302 207 20 214 279 445 90 92 266 126 
100 224 544 547 101 551 297 16 594 350 825 59 254 
101 100 1191 324 560 913 1310 120 68 1150 1333 
102 608 4 230 166 103 168 10 395 541 48 213 343 88 74 95 
103 453 102 167 1193 203 652 1327 982 183 89 379 540 
104 689 105 176 721 885 937 410 
105 104 
106 320 513 194 195 456 709 305 392 201 107 290 584 47 17 468 247 354 251 525 125 
107 194 227 106 300 397 174 46 186 189 
108 92 20 214 
109 130 261 6 1037 143 22 535 284 29 678 434 312 63 705 341 342 988 1282 110 625 118 121 
110 109 
111 1285 532 1187 1321 938 555 559 820 438 1080 955 957 1215 454 596 1241 858 1116 1252 232 112 753 246 888 
112 111 
113 1035 669 114 22 24 121 29 63 
114 129 388 133 137 394 782 277 278 25 153 28 158 416 293 241 649 199 686 948 311 184 315 61 63 196 198 71 200 714 76 463 721 210 341 90 93 222 1248 98 508 618 113 115 447 124 127 
115 114 22 
116 321 356 40 297 170 117 346 
117 116 
118 291 773 328 535 490 235 109 14 15 814 333 119 283 479 
119 118 
120 224 225 642 547 68 101 673 1199 594 768 350 544 56 59 254 325 
121 388 141 782 278 25 281 28 29 158 416 293 668 199 435 948 439 198 71 76 78 79 463 93 222 992 508 109 113 124 
122 737 1155 804 1318 845 16 819 84 184 409 1306 123 1212 62 223 
123 122 
124 133 198 136 9 141 114 22 121 29 63 
125 194 106 300 46 186 607 
126 279 98 99 196 197 502 43 271 144 273 20 21 214 55 90 92 602 
127 128 133 198 136 9 141 114 22 663 24 29 63 
128 604 68 278 71 92 388 199 463 241 277 182 201 25 293 315 28 508 158 127 
129 133 198 136 9 141 114 22 29 
130 311 131 900 1174 529 515 1301 22 645 1190 173 1204 439 1087 331 1229 1235 347 864 1251 1260 109 1008 631 1277 
131 130 
132 512 98 196 197 43 1165 207 817 20 214 279 1144 985 90 303 92 445 1238 
133 129 388 137 277 278 281 25 28 158 416 293 199 182 649 56 315 61 63 64 71 200 76 463 222 225 508 241 114 124 127 
134 1228 42 1164 79 150 153 1098 94 
135 225 73 16 184 50 84 373 374 201 56 253 62 223 
136 129 388 8 137 141 20 277 278 279 25 28 29 158 416 675 293 649 604 43 300 433 50 563 222 182 439 315 61 62 68 197 198 71 200 201 74 76 665 463 208 466 214 92 199 228 508 241 124 127 
137 133 198 136 9 141 114 22 24 1020 29 63 
138 99 12 286 
139 1312 42 140 79 147 150 153 94 
140 139 
141 129 388 136 137 142 16 277 278 25 795 28 158 416 293 71 1068 176 315 61 62 447 199 200 585 76 466 84 727 222 992 508 241 121 124 253 127 
142 141 
143 435 109 79 
144 512 98 196 197 43 1325 207 145 20 126 214 279 90 303 92 445 94 
145 144 
146 288 2 36 181 431 
147 139 
150 134 139 526 533 407 154 289 169 430 52 566 151 190 450 581 455 339 212 910 229 491 381 
151 153 42 150 94 79 
152 153 566 94 
153 51 134 264 139 526 272 24 533 151 152 580 154 289 1075 430 307 52 182 190 63 450 407 581 455 74 339 212 95 98 229 230 491 114 501 
154 201 42 79 150 793 153 94 
155 960 272 4 230 168 425 10 1070 48 977 180 1205 255 220 74 94 95 
156 64 
157 72 158 63 
158 128 133 198 487 136 9 141 157 114 469 22 24 121 29 63 
159 8 160 291 451 679 
160 68 6 8 9 1017 292 159 
161 225 738 201 16 184 50 84 373 56 1149 223 
162 163 4 230 168 10 95 
163 272 162 4 230 481 168 10 591 48 74 95 
164 546 602 165 552 706 271 944 723 1044 502 279 250 1343 1340 442 997 
165 164 
166 453 102 167 203 183 89 379 540 
167 608 166 230 103 213 88 541 95 
168 260 5 264 11 217 155 162 163 753 169 556 49 183 569 203 453 75 591 855 89 481 102 233 362 748 497 754 886 759 379 255 
169 4 168 10 48 150 217 74 
170 116 
171 396 655 528 276 925 1311 417 424 172 1226 701 323 197 582 616 458 719 1104 337 82 984 473 603 478 355 743 360 617 490 494 1264 369 758 745 252 383 
172 171 
173 130 
174 513 584 525 16 17 402 275 537 47 290 46 175 305 189 320 194 195 709 456 201 465 468 221 352 354 107 251 637 
175 194 1052 837 966 177 648 617 330 1133 174 17 435 404 53 186 412 62 309 
176 198 104 141 848 401 1106 376 281 29 
177 417 418 328 201 554 175 369 178 758 95 444 682 191 
178 177 435 617 53 417 
179 32 51 69 918 381 
180 155 
181 225 3 37 646 673 73 459 722 400 146 373 56 624 656 605 
182 128 98 228 133 136 9 618 721 210 948 311 184 153 93 
183 608 272 4 230 166 103 168 10 395 541 48 213 343 88 74 95 
184 387 135 393 24 282 414 31 33 519 428 626 50 182 73 56 185 671 578 161 201 336 85 57 349 351 464 226 995 363 368 114 373 374 122 253 
185 16 184 50 62 
186 525 16 17 275 22 537 46 175 305 189 320 195 709 456 330 468 601 221 227 743 107 637 374 247 251 125 
187 188 
188 32 51 803 927 69 70 1059 1234 339 187 381 806 
189 513 392 525 17 404 290 584 300 174 47 305 50 186 443 574 320 194 195 456 485 1000 107 244 251 253 
190 153 42 150 94 79 
191 177 435 53 
192 193 
193 192 12 622 1115 1213 286 
194 513 392 525 16 402 275 174 537 175 290 584 300 46 47 305 189 320 195 456 206 468 221 106 107 637 247 251 125 
195 384 194 227 106 300 397 46 589 17 1010 404 174 186 189 62 
196 344 512 99 132 197 279 237 144 273 114 436 21 55 280 1092 126 
197 441 98 99 132 699 230 136 204 171 12 144 273 286 21 55 280 196 90 91 126 
198 129 388 278 136 9 277 22 24 25 795 28 158 416 293 649 199 176 137 315 61 71 200 76 463 466 222 992 508 241 114 121 124 127 
199 128 133 198 136 9 1130 1330 141 613 114 22 901 121 29 63 
200 133 198 136 9 141 114 22 29 63 
201 128 387 135 136 9 17 282 154 414 31 33 42 299 300 174 861 177 50 393 184 57 428 671 62 449 578 324 161 336 85 349 734 351 464 226 995 1140 519 106 368 626 372 1269 374 1018 637 
202 297 2 36 
203 608 272 4 230 166 103 168 10 395 48 213 343 88 541 95 
204 512 98 197 43 205 302 207 20 214 279 856 90 92 445 
205 204 
206 72 225 194 
207 99 132 204 144 273 21 55 344 441 
208 523 291 209 8 1169 267 365 136 451 739 661 503 507 
209 208 504 506 771 905 
210 1025 1034 1036 1041 1043 1045 22 24 1284 1050 1057 550 565 1081 62 1090 1096 1111 600 1117 1118 1124 1128 620 1134 114 633 1152 1302 1172 1173 664 666 680 686 1309 691 182 1208 697 1217 1219 1224 714 1230 211 1239 731 742 234 765 772 774 776 778 1291 1296 274 788 790 1303 1308 797 798 219 807 810 310 1341 832 833 835 836 840 332 849 850 851 345 879 370 660 385 394 909 923 420 933 942 948 969 978 989 996 1001 492 
211 210 
212 1270 42 79 50 150 887 1240 153 94 
213 453 102 167 203 1237 183 89 379 540 
214 386 132 136 653 270 144 273 21 280 678 297 42 55 441 204 226 717 467 1112 91 95 98 99 875 108 497 126 
217 4 614 168 169 10 48 753 553 632 218 
218 217 
219 210 
220 155 
221 194 1316 805 174 1137 404 1014 824 186 477 1183 
222 326 133 198 136 9 141 114 22 121 29 63 
223 135 393 282 414 31 161 519 428 50 57 72 336 85 349 351 226 995 363 626 374 122 253 
224 779 100 324 651 120 68 
225 387 133 135 393 282 414 31 32 161 519 428 181 57 671 578 72 206 336 85 349 351 464 226 995 368 626 374 120 
226 225 808 73 590 1007 16 184 50 84 373 214 201 56 1242 62 223 
227 320 513 290 195 709 456 584 107 300 269 47 305 186 251 
228 56 9 136 795 182 
229 153 42 150 94 79 
230 256 514 260 5 11 153 155 453 162 163 167 49 50 435 183 569 203 197 713 75 591 89 94 96 481 1125 102 233 362 379 255 
231 34 35 965 791 
232 111 
233 4 230 168 10 272 74 95 
234 210 
235 328 118 38 6 535 
236 237 
237 98 196 1061 586 236 945 531 90 94 
238 351 239 
239 238 
240 77 
241 128 133 198 136 9 141 114 22 24 29 63 
242 243 
243 242 278 
244 1024 189 245 
245 244 
246 111 
247 194 106 299 300 465 404 248 186 637 
248 352 465 925 247 
249 51 
250 164 
251 194 227 106 300 397 174 404 46 186 189 
252 306 171 330 1186 
253 135 906 141 16 22 922 40 50 51 184 57 189 62 575 68 1094 84 85 349 94 223 366 372 1147 
254 120 100 68 324 
255 256 272 4 5 230 168 10 75 48 49 569 260 155 95 
256 10 255 230 95 
259 32 51 381 70 
260 272 4 230 168 10 1326 48 296 1146 255 74 95 
261 1099 262 263 329 439 1132 109 912 403 903 341 311 1019 
262 261 
263 261 
264 168 153 10 4 1066 
265 45 
266 609 99 
267 641 770 963 1254 1163 268 1058 792 208 728 916 504 1305 506 
268 267 
269 227 300 
270 706 1227 502 43 462 271 882 20 214 279 602 1295 92 285 
271 386 875 164 43 270 20 344 92 126 
272 260 5 10 11 153 155 163 49 435 436 183 203 453 713 75 89 481 358 233 362 379 255 
273 512 98 196 197 43 207 20 214 279 1108 90 92 445 126 
274 210 
275 194 709 685 174 847 818 404 46 471 186 1148 574 
276 171 
277 128 133 198 136 9 141 114 22 24 29 63 
278 128 133 198 136 9 141 1166 1021 114 243 22 1161 24 121 29 63 
279 386 132 136 270 144 273 21 280 164 297 42 55 196 204 717 90 91 95 98 99 497 126 
280 512 196 197 43 556 302 20 214 279 356 92 
281 176 121 133 63 
282 225 73 79 16 184 50 84 373 201 56 223 
283 452 6 292 825 516 118 535 504 68 506 284 
284 291 283 109 773 
285 270 
286 672 193 834 197 710 769 1129 138 1223 716 866 718 592 1246 627 693 878 735 979 287 
287 12 286 
288 848 624 2 3 36 37 40 459 722 527 400 146 373 656 605 
289 153 42 150 94 79 
290 194 227 106 300 397 174 404 46 189 
291 292 6 9 523 208 118 516 506 284 159 
292 160 1314 291 711 8 1262 451 283 
293 128 133 198 136 9 141 114 22 121 29 62 63 
296 260 
297 2 775 20 279 920 924 421 41 298 43 812 570 330 321 579 202 588 335 848 594 725 214 92 609 100 357 877 623 881 116 681 635 
298 40 297 356 321 
299 17 247 468 201 
300 513 392 136 269 17 290 305 584 301 456 189 320 194 195 709 328 201 525 468 354 227 107 247 251 125 
301 300 
302 353 99 204 303 432 280 
303 98 132 302 144 20 21 55 445 
304 85 
305 194 227 106 300 397 174 17 914 404 46 186 189 1279 
306 252 
307 361 42 79 80 153 94 
308 53 309 
309 743 444 14 399 371 308 757 175 412 
310 210 78 
311 130 261 391 1037 14 22 535 24 38 814 434 182 439 312 62 705 961 328 342 94 678 625 114 
312 873 1065 109 1042 341 311 889 
313 314 612 754 
314 313 
315 128 133 198 136 9 141 114 22 24 828 29 94 63 
316 19 
317 92 
318 1283 499 319 
319 1 498 318 
320 194 227 106 300 397 174 404 46 186 189 
321 775 534 920 421 881 40 681 298 431 570 322 588 335 721 725 297 609 357 877 623 753 116 41 635 894 895 
322 321 44 
323 66 83 330 171 
324 224 544 547 68 101 201 1198 594 350 768 59 254 325 
325 120 1100 324 
326 222 
327 328 38 
328 34 773 39 8 490 235 300 333 14 15 880 177 435 1236 53 118 311 327 369 479 
329 261 
330 396 655 528 323 34 35 424 297 175 186 67 582 458 719 1104 337 82 473 603 478 352 355 868 360 636 490 616 745 252 383 
331 130 
332 210 78 
333 643 548 470 6 8 328 435 118 535 
334 52 
335 321 356 40 297 1271 377 1023 
336 225 201 16 184 84 56 223 
337 66 1203 330 171 367 83 539 
338 32 70 872 51 1078 381 
339 42 79 340 150 153 188 94 
340 339 
341 705 261 6 391 970 678 109 14 434 625 114 342 312 794 
342 930 311 1100 109 687 946 341 439 
343 453 102 203 183 89 540 
344 98 196 10 556 207 502 356 90 271 602 94 
345 210 
346 116 
347 130 
348 349 
349 225 484 1319 73 1079 16 184 50 84 373 1142 201 56 348 253 62 223 
350 100 324 1002 120 68 1119 
351 225 73 238 16 184 84 373 201 56 62 223 
352 66 330 174 465 83 823 248 
353 302 
354 106 300 174 
355 66 171 330 
356 609 635 4 357 775 41 298 588 877 335 848 344 920 116 681 280 570 623 881 421 
357 40 297 356 321 
358 48 272 10 95 
359 360 
360 66 359 330 171 1069 83 
361 42 307 79 
362 4 230 168 10 272 74 95 
363 16 50 84 184 62 223 
364 365 
365 208 504 506 364 1135 
366 253 
367 337 
368 225 201 16 184 84 73 56 
369 328 177 171 757 95 
370 210 
371 966 648 617 77 309 411 
372 843 201 50 675 253 
373 387 135 393 282 414 31 288 161 519 428 431 181 184 57 671 578 85 349 351 226 995 626 374 
374 225 1158 135 73 16 184 50 84 373 201 56 186 62 223 
375 376 949 
376 176 1220 375 
377 335 
378 45 
379 608 4 230 166 103 168 10 272 1009 213 88 74 95 
380 32 51 69 70 381 
381 259 870 380 951 809 338 179 382 150 521 188 94 799 
382 32 51 381 70 
383 66 330 171 1298 83 983 
384 195 
385 210 
386 43 271 20 214 279 92 
387 225 73 16 184 50 84 373 201 56 62 
388 128 800 133 198 136 9 1067 141 114 22 24 121 959 29 63 
391 1097 647 747 341 311 
392 194 106 300 397 952 404 854 472 189 
393 225 201 16 184 50 84 373 56 692 720 62 223 
394 114 210 
395 453 102 203 183 89 730 540 
396 66 330 171 83 1113 1114 
397 320 513 290 195 392 584 107 525 47 305 251 
398 399 
399 1153 77 398 309 411 1053 
400 288 2 36 181 431 
401 176 721 
402 73 194 675 404 174 
403 261 
404 320 513 290 195 456 392 189 16 305 402 275 251 405 247 537 175 221 637 
405 404 574 46 709 
406 71 
407 42 79 150 408 153 495 94 
408 407 
409 122 
410 104 
411 744 412 14 399 371 444 
412 309 411 77 175 
413 79 
414 225 897 201 786 16 184 50 84 373 56 223 
415 64 
416 133 198 136 9 141 114 22 121 63 
417 418 743 171 177 178 435 
418 177 617 417 
419 31 
420 210 22 
421 40 297 356 321 
422 99 
423 50 
424 1040 66 83 330 171 
425 155 
426 640 928 1323 1253 958 427 48 1073 562 437 921 606 639 
427 426 
428 1344 225 740 934 926 73 429 16 184 50 84 373 201 56 1300 698 62 223 
429 428 
430 42 79 50 150 153 94 
431 321 3 37 646 673 459 722 527 400 146 373 624 656 605 
432 92 445 302 
433 136 
434 1288 780 311 524 109 1101 1071 1168 593 1015 341 662 439 1336 1167 917 
435 417 191 230 38 328 74 175 143 272 178 333 121 63 444 682 95 
436 98 196 712 74 272 90 762 95 
437 426 
438 111 
439 705 130 261 6 136 678 625 434 342 311 121 794 
440 64 
441 98 197 207 20 214 92 
442 164 
443 189 
444 77 177 435 309 411 53 
445 432 99 132 204 303 144 273 21 55 4 602 
446 55 
447 448 1202 9 141 114 22 
448 447 
449 201 50 
450 153 42 150 94 79 
451 292 523 452 516 208 535 68 159 
452 8 283 451 
453 608 272 4 230 166 103 168 10 395 541 48 19 213 343 88 74 95 
454 111 
455 1257 42 79 50 150 153 1082 94 863 
456 194 227 106 300 174 404 46 186 189 
457 458 
458 66 457 330 171 83 505 1274 1086 
459 288 2 36 181 431 
460 62 
461 462 
462 546 904 476 1218 461 270 789 760 764 898 
463 128 133 198 136 9 114 22 24 121 29 63 
464 225 73 16 184 50 84 201 56 
465 248 352 823 174 247 
466 136 29 198 141 
467 92 214 
468 194 106 299 300 174 186 
469 158 
470 333 
471 275 
472 392 
473 66 83 330 171 719 
474 475 
475 993 474 68 
476 0 545 712 462 
477 221 
478 66 83 330 171 
479 328 118 38 6 
480 64 
481 272 163 4 230 168 10 48 74 95 
484 349 
485 94 62 189 
486 22 
487 158 
490 6 38 328 330 171 876 83 118 535 
491 153 150 94 79 
492 210 
493 40 
494 171 
495 407 
496 49 
497 4 168 43 20 214 279 92 829 
498 499 654 319 
499 498 1171 318 
500 48 
501 153 42 94 79 
502 344 164 270 126 717 
503 208 504 
504 523 507 267 365 209 739 661 503 283 
505 458 
506 291 8 267 365 209 283 507 
507 208 504 506 
508 128 133 198 136 9 141 114 22 121 29 
509 636 1027 628 510 1233 
510 509 
511 64 542 
512 99 132 40 204 144 273 21 55 280 196 
513 194 227 106 300 397 174 404 46 189 
514 230 
515 130 
516 8 291 283 451 
517 71 
518 12 
519 225 976 1126 1063 520 201 16 184 50 787 84 373 1335 56 62 223 
520 519 
521 32 69 809 51 918 381 
522 64 
523 8 208 291 504 451 
524 434 
525 194 106 300 397 174 46 186 189 
526 153 42 150 94 79 
527 288 2 36 431 
528 66 83 330 171 
529 130 
530 945 586 531 556 1061 
531 530 237 638 
532 111 
533 1345 42 972 79 1072 1297 690 1267 94 150 153 670 
534 40 321 589 726 1293 
535 35 773 39 8 490 235 333 109 15 451 118 311 283 
536 537 
537 1028 902 650 1175 404 601 536 1179 1180 674 174 816 186 194 587 597 729 1250 1127 1131 1265 1276 
538 55 
539 337 
540 608 166 103 395 48 213 343 88 541 
541 453 102 167 203 183 89 540 
542 511 
543 544 
544 867 100 324 756 120 68 1076 543 
545 546 476 829 
546 545 898 164 875 462 762 
547 120 100 1200 68 324 
548 333 
549 64 604 
550 210 
551 100 68 
552 164 
553 217 
554 177 
555 111 
556 4 168 10 344 530 280 
559 111 
560 101 
561 928 921 562 606 
562 561 426 
563 136 9 
564 565 
565 210 564 
566 152 150 
567 568 760 
568 829 567 
569 4 230 168 10 48 255 74 1278 95 
570 40 297 356 321 
574 743 275 405 599 56 189 
575 253 
576 0 577 712 
577 576 
578 225 201 16 184 84 373 56 
579 297 36 
580 153 94 
581 153 42 150 94 79 
582 66 715 583 330 171 83 1342 
583 715 582 
584 194 227 106 300 397 174 46 189 
585 141 
586 530 237 
587 537 
588 321 994 356 40 297 755 
589 195 534 
590 226 
591 1026 163 4 230 168 10 48 94 95 
592 12 286 
593 434 
594 100 324 297 50 120 68 
595 64 
596 111 
597 537 
598 12 
599 709 574 
600 210 
601 537 186 
602 164 10 270 344 445 126 
603 66 330 171 83 1245 1214 
604 128 9 136 549 
605 288 2 36 181 431 
606 561 426 
607 125 
608 453 102 167 203 183 89 379 540 
609 321 610 356 40 297 266 
610 609 
611 612 
612 313 611 
613 64 199 
614 217 
615 25 
616 66 83 330 171 
617 418 171 175 178 371 53 
618 801 676 22 619 941 114 915 182 1151 
619 618 
620 210 
621 622 
622 193 1115 883 621 1213 
623 40 297 356 321 
624 288 2 36 181 431 
625 439 109 341 311 
626 225 73 16 184 50 84 373 201 56 62 223 
627 12 286 
628 509 
629 630 
630 764 629 
631 130 
632 48 217 1322 1232 853 
633 210 
634 64 
635 40 297 1139 356 321 
636 330 509 
637 194 201 174 17 404 247 186 
638 98 531 
639 426 
640 426 
641 267 
642 120 
643 333 
644 45 
645 130 
646 181 431 
647 391 
648 371 175 
649 133 198 136 9 114 22 29 
650 537 
651 224 
652 103 
653 214 
654 498 
655 66 171 330 
656 288 2 36 181 431 
659 25 
660 210 
661 208 504 
662 434 
663 127 
664 210 
665 136 1292 44 
666 210 
667 668 
668 121 667 44 63 
669 113 
670 533 
671 225 201 16 184 50 84 373 56 
672 681 12 286 
673 2 36 44 431 848 181 120 
674 537 
675 136 402 372 
676 618 
677 678 
678 677 311 109 341 214 439 
679 1095 159 
680 210 
681 672 321 356 1185 40 297 1004 890 
682 177 435 53 
685 275 
686 114 210 22 
687 342 
688 64 
689 104 
690 533 
691 210 78 
692 393 
693 12 286 
694 57 
695 68 
696 64 
697 210 
698 428 
699 1129 197 878 
701 171 
702 935 813 703 
703 702 
704 22 
705 439 109 341 311 
706 875 164 717 270 
709 227 743 106 300 174 275 405 599 56 186 
710 12 286 
711 292 
712 576 1 436 476 
713 272 74 230 95 
714 114 210 
715 582 583 
716 12 286 
717 706 214 43 20 502 279 92 
718 12 286 
719 473 66 83 330 171 
720 393 61 
721 321 22 104 1106 401 114 182 24 1273 
722 288 2 181 431 
723 164 
724 35 781 
725 40 297 321 
726 534 
727 141 
728 267 
729 17 537 
730 395 
731 210 
734 201 
735 12 286 
736 91 
737 122 
738 161 
739 208 504 
740 428 
741 52 
742 210 
743 417 709 744 171 46 53 186 574 309 
744 411 757 743 
745 66 1317 746 171 908 83 1143 1177 1211 330 
746 745 
747 391 
748 168 10 4 
753 321 168 111 759 217 26 
754 168 313 10 4 
755 588 
756 544 
757 744 369 309 758 
758 967 171 177 757 827 95 
759 168 753 10 4 
760 462 567 
761 71 
762 10 436 546 829 
763 764 
764 763 630 462 
765 210 
768 120 324 68 
769 12 286 
770 267 
771 209 
772 210 
773 6 38 328 118 535 284 
774 210 
775 40 297 356 321 
776 210 78 
777 9 
778 210 
779 224 
780 434 
781 724 
782 24 121 114 29 
783 51 
786 414 
787 519 
788 210 
789 829 462 
790 210 
791 953 1162 231 
792 267 
793 154 
794 341 439 
795 228 29 198 141 
797 210 
798 210 
799 32 51 381 70 
800 388 
801 618 
802 45 
803 188 
804 122 
805 221 
806 188 
807 210 
808 226 
809 32 69 521 51 918 381 
810 210 
811 64 
812 297 36 
813 702 
814 118 311 38 6 77 
815 95 
816 537 
817 132 
818 275 
819 122 
820 111 
823 352 465 1047 
824 221 
825 1272 9 283 100 
826 1299 827 967 
827 826 758 
828 315 
829 545 898 497 789 919 568 762 
832 210 
833 210 
834 12 286 
835 210 
836 210 
837 175 
840 210 
843 844 372 
844 843 
845 122 
846 52 
847 275 
848 176 288 356 673 297 
849 210 
850 210 
851 210 
853 632 
854 392 
855 168 10 4 
856 204 
858 111 
859 50 
861 201 
862 41 
863 455 
864 130 
865 31 
866 12 286 
867 544 
868 66 83 330 
869 28 
870 51 381 
871 45 
872 338 
873 312 
874 57 
875 546 706 214 271 
876 490 
877 40 297 356 321 
878 699 12 286 
879 210 78 
880 328 
881 40 297 356 321 
882 270 
883 622 
884 50 
885 104 
886 168 10 4 
887 212 
888 111 
889 312 
890 681 
891 64 
894 321 
895 321 
896 12 
897 414 
898 546 829 462 
899 99 
900 130 
901 199 
902 537 
903 261 
904 462 
905 209 
906 253 
907 64 
908 745 
909 210 
910 150 94 911 
911 910 
912 261 
913 101 
914 305 
915 618 
916 267 
917 434 
918 32 521 179 70 809 
919 829 
920 40 297 356 321 
921 561 426 
922 253 
923 210 
924 297 
925 248 171 
926 428 
927 188 
928 561 426 
930 342 
933 210 
934 428 
935 1 702 
936 45 
937 104 
938 111 
941 618 
942 210 
943 45 
944 164 
945 530 237 
946 342 
948 121 114 210 182 
949 375 
950 12 
951 32 69 70 50 51 381 
952 392 
953 34 35 791 
954 57 
955 111 
956 26 
957 111 
958 426 
959 388 
960 155 
961 1184 962 311 
962 961 
963 267 
964 64 
965 34 35 231 
966 371 175 
967 826 758 
968 22 
969 210 
970 341 
971 51 70 
972 533 
975 49 
976 519 
977 155 
978 210 
979 12 286 
982 103 
983 383 
984 171 
985 132 
988 109 
989 210 
992 141 121 29 198 63 
993 1256 475 
994 588 
995 225 73 16 373 201 184 223 
996 210 
997 164 
1000 189 
1001 210 
1002 350 
1003 49 
1004 681 
1007 226 
1008 130 1255 
1009 379 
1010 195 
1011 1120 44 
1014 221 
1015 434 
1016 64 
1017 8 160 
1018 201 
1019 261 
1020 137 
1021 278 
1022 62 
1023 335 
1024 244 
1025 210 
1026 591 
1027 509 
1028 537 
1034 210 
1035 113 
1036 210 
1037 109 311 
1040 424 
1041 210 
1042 312 
1043 210 
1044 164 
1045 210 
1046 26 
1047 823 
1049 75 
1050 210 
1051 55 
1052 1053 175 
1053 1052 399 
1054 1281 44 1109 1206 1221 
1057 210 
1058 267 
1059 188 
1060 92 
1061 530 237 
1062 45 
1063 519 
1065 312 
1066 264 
1067 388 
1068 141 
1069 360 
1070 155 
1071 434 
1072 533 
1073 426 
1074 92 
1075 153 94 
1076 544 
1077 50 
1078 338 
1079 349 
1080 111 
1081 210 
1082 455 
1083 45 
1086 458 
1087 130 
1089 64 
1090 210 
1091 9 
1092 90 196 98 
1093 26 
1094 253 
1095 679 
1096 210 
1097 391 
1098 134 
1099 261 
1100 325 342 
1101 434 
1104 66 83 330 171 
1105 71 
1106 176 721 
1107 40 
1108 273 
1109 1054 
1110 25 
1111 210 
1112 214 
1113 396 
1114 396 
1115 193 12 622 
1116 111 
1117 210 
1118 210 
1119 350 
1120 1011 
1121 40 41 
1122 55 
1123 64 
1124 210 
1125 230 
1126 519 
1127 537 
1128 210 
1129 699 12 286 
1130 199 
1131 537 
1132 261 
1133 175 
1134 210 
1135 365 
1136 19 
1137 221 
1139 635 
1140 201 50 
1141 44 
1142 349 
1143 745 
1144 132 
1145 64 
1146 260 
1147 253 
1148 275 
1149 161 
1150 101 
1151 618 
1152 210 
1153 399 
1154 45 
1155 122 
1158 374 
1161 278 
1162 791 
1163 267 
1164 134 
1165 132 
1166 278 
1167 434 
1168 434 
1169 208 
1170 40 
1171 499 
1172 210 
1173 210 
1174 130 
1175 537 
1176 71 
1177 745 
1178 19 
1179 537 
1180 537 
1183 221 
1184 961 
1185 681 
1186 252 
1187 111 
1188 42 
1189 64 
1190 130 
1191 101 
1192 71 
1193 103 
1194 45 
1198 324 68 
1199 120 
1200 547 
1201 64 
1202 447 
1203 337 
1204 130 
1205 155 
1206 1054 
1207 61 
1208 210 
1209 45 
1210 22 
1211 745 
1212 122 
1213 193 622 
1214 603 
1215 111 
1216 40 
1217 210 
1218 462 
1219 210 78 
1220 376 
1221 1054 
1222 64 
1223 12 286 
1224 210 
1225 64 
1226 171 
1227 270 
1228 134 
1229 130 
1230 210 
1232 632 
1233 509 
1234 188 
1235 130 
1236 328 
1237 213 
1238 132 
1239 210 
1240 212 
1241 111 
1242 226 
1245 603 
1246 12 286 
1247 95 
1248 114 
1249 28 
1250 537 
1251 130 
1252 111 
1253 426 
1254 267 
1255 1008 
1256 993 
1257 455 
1258 64 
1260 130 
1261 31 
1262 292 
1263 64 
1264 171 
1265 537 
1266 94 
1267 533 
1268 68 
1269 201 
1270 212 
1271 335 
1272 825 
1273 721 
1274 458 
1275 59 
1276 537 
1277 130 
1278 569 
1279 305 
1280 90 
1281 1054 
1282 109 
1283 318 
1284 210 
1285 111 
1288 434 
1289 64 
1291 210 
1292 665 
1293 534 
1294 64 
1295 270 
1296 210 
1297 533 
1298 383 
1299 826 
1300 428 45 
1301 130 
1302 210 
1303 210 
1304 64 
1305 267 
1306 122 
1307 45 
1308 210 
1309 210 22 
1310 101 
1311 171 
1312 139 
1313 64 
1314 292 
1315 11 
1316 221 
1317 745 
1318 122 
1319 349 
1320 85 
1321 111 
1322 632 
1323 426 
1324 61 
1325 144 
1326 260 
1327 103 
1330 199 
1333 101 
1334 15 
1335 519 
1336 434 
1337 52 
1338 76 
1340 164 
1341 210 
1342 582 
1343 164 
1344 428 
1345 533 
1346 52 
